[
    {
        "column": "7",
        "rows": "3",
        "a": [
            12012003,
            12012005,
            12012011,
            12012014,
            12012015,
            12012018,
            12012020,
            12012023,
            12012026,
            12012033,
            12012036,
            12012037
        ],
        "b": [
            12012002,
            12012008,
            12012010,
            12012012,
            12012013,
            12012017,
            12012021,
            12012024,
            12012030
        ]
    },
    {
        "column": "7",
        "rows": "3",
        "a": [
            12012001,
            12012004,
            12012006,
            12012007,
            12012009,
            12012016,
            12012019,
            12012022,
            12012025,
            12012027,
            12012029,
            12012031
        ],
        "b": [
            12012040,
            12012042,
            12012045,
            12012048,
            12012054,
            12012057,
            12012058,
            12012061,
            12012063
        ]
    },
    {
        "column": "7",
        "rows": "3",
        "a": [
            12012032,
            12012034,
            12012035,
            12012039,
            12012043,
            12012046,
            12012051,
            12012053,
            12012055,
            12012056,
            12012060,
            12012038
        ],
        "b": [
            12012041,
            12012044,
            12012047,
            12012049,
            12012050,
            12012052,
            12012059,
            12012062
        ]
    }
]