[
    {
        "column": "6",
        "rows": "7",
        "a": [
            11912002,
            11912003,
            11912004,
            11912005,
            11912006,
            11912007,
            11912008,
            11912009,
            11912010,
            11912011,
            11912012,
            11912001,
            11912013,
            11912014,
            11912015,
            11912016,
            11912017,
            11912018,
            11912019,
            11912020,
            11912021
        ],
        "b": [
            11913001,
            11913002,
            11913003,
            11913004,
            11913005,
            11913006,
            11913007,
            11913008,
            11913009,
            11913010,
            11913011,
            11913012,
            11913013,
            11913014,
            11913015,
            11913016,
            11913017,
            12023019,
            12023020,
            12023021,
            12023022
        ],
        "class_name": null
    },
    {
        "column": "6",
        "rows": "7",
        "a": [
            11912022,
            11912023,
            11912024,
            11912025,
            11912026,
            11912027,
            11912028,
            11912030,
            11912029,
            11912031,
            11912032,
            11912033,
            11912034,
            11912035,
            11912037,
            11912038,
            11912039,
            11912040,
            11912041,
            11912042,
            11912043
        ],
        "b": [
            12023023,
            12023024,
            12023025,
            12023026
        ],
        "class_name": null
    },
    {
        "column": "6",
        "rows": "7",
        "a": [
            11912044,
            11912045,
            11912047,
            11912048,
            11912049,
            11912050,
            11912051,
            11912052,
            11912054,
            11912055,
            11912056,
            11912057,
            11912058,
            11912059,
            11912060,
            11912063,
            11912061,
            11912064,
            11912065,
            11912066,
            11912062
        ],
        "b": [],
        "class_name": null
    },
    {
        "column": "6",
        "rows": "7",
        "a": [
            11912067,
            11912068,
            11912069,
            11912070,
            11912071,
            11912072,
            11912073,
            11912074,
            11912075,
            11912076,
            11912077,
            11912078,
            11912079,
            11912081,
            11912080,
            11912082,
            11912083,
            11912084,
            11912085,
            11912086,
            11912087
        ],
        "b": [],
        "class_name": null
    },
    {
        "column": "6",
        "rows": "7",
        "a": [
            11912088,
            11912089,
            11912090,
            11912091,
            11912092,
            11912093,
            11912094,
            11912095,
            11912096,
            11912097,
            11912098,
            11912099,
            11912101,
            11912100,
            11912102,
            11912103,
            12022104,
            12022105,
            12022106
        ],
        "b": [],
        "class_name": null
    }
]