[
    {
        "class_name": "ADM 304",
        "column": 8,
        "rows": 3,
        "a": [
            12012001,
            12012002,
            12012003,
            12012004,
            12012005,
            12012006,
            12012007,
            12012008,
            12012009,
            12012010,
            12012011,
            12012012
        ],
        "b": [
            12013001,
            12013002,
            12013003,
            12013004,
            12013005,
            12013006,
            12013008,
            12013007,
            12013009,
            12013010,
            12013011,
            12013022
        ]
    },
    {
        "class_name": "ADM 305",
        "column": 7,
        "rows": 3,
        "a": [
            12012013,
            12012014,
            12012015,
            12012016,
            12012017,
            12012018,
            12012019,
            12012020,
            12012021,
            12012022,
            12012023,
            12012024
        ],
        "b": [
            12013012,
            12013014,
            12013015,
            12013016,
            12013017,
            12013018,
            12013019,
            12013020,
            12013021
        ]
    }
]