[
    {
        "column": "6",
        "rows": "7",
        "a": [
            12113001,
            12113002,
            12113003,
            12113004,
            12113005,
            12113006,
            12113007,
            12113008,
            12113009,
            12113010,
            12113011,
            12113012,
            12113013,
            12113014,
            12113015,
            12113016,
            12113017,
            12113018,
            12113019,
            12113020,
            12113021
        ],
        "b": [
            12013001,
            12013002,
            12013003,
            12013004,
            12013005,
            12013006,
            12013008,
            12013007,
            12013009,
            12013010,
            12013011,
            12013022,
            12013012,
            12013014,
            12013015,
            12013016,
            12013017,
            12013018,
            12013019,
            12013020,
            12013021
        ],
        "class_name": null
    },
    {
        "column": "6",
        "rows": "7",
        "a": [
            12012001,
            12012002,
            12012003,
            12012004,
            12012005,
            12012006,
            12012007,
            12012008,
            12012009,
            12012010,
            12012011,
            12012012,
            12012013,
            12012014,
            12012015,
            12012016,
            12012017,
            12012018,
            12012019,
            12012020,
            12012021
        ],
        "b": [
            12112001,
            12112002,
            12112003,
            12112004,
            12112005,
            12112006,
            12112007,
            12112008,
            12112009,
            12112010,
            12112011,
            12112012,
            12112013,
            12112014,
            12112015,
            12112016,
            12112017,
            12112018,
            12112019,
            12112020,
            12112021
        ],
        "class_name": null
    },
    {
        "column": "6",
        "rows": "7",
        "a": [
            12113022,
            12113023,
            12113024,
            12113025,
            12123024,
            12123025,
            12123026,
            12123027,
            12123028,
            12123029,
            12123030,
            12123031,
            12123032,
            12123033,
            12123034,
            12123035,
            12123036,
            12123038,
            12123039,
            12123040,
            12123041
        ],
        "b": [
            12012022,
            12012023,
            12012024,
            12012025,
            12012026,
            12012027,
            12012029,
            12012030,
            12012031,
            12012032,
            12012033,
            12012034,
            12012035,
            12012036,
            12012037,
            12012038,
            12012039,
            12012040,
            12012041,
            12012042,
            12012043
        ],
        "class_name": null
    },
    {
        "column": "6",
        "rows": "7",
        "a": [
            12112022,
            12112023,
            12112024,
            12112025,
            12112026,
            12112027,
            12112028,
            12112029,
            12112030,
            12112031,
            12112033,
            12112034,
            12112035,
            12112036,
            12112037,
            12112038,
            12112039,
            12112040,
            12112041,
            12112043,
            12112044
        ],
        "b": [
            12123042,
            12012044,
            12012045,
            12012046,
            12012047,
            12012048,
            12012049,
            12012050,
            12012051,
            12012052,
            12012053,
            12012054,
            12012055,
            12012056,
            12012057,
            12012058,
            12012059,
            12012060,
            12012061,
            12012062,
            12012063
        ],
        "class_name": null
    },
    {
        "column": "6",
        "rows": "7",
        "a": [
            12112045,
            12112042,
            12112046,
            12112047,
            12112048,
            12112049,
            12112050,
            12112051,
            12112052,
            12112053,
            12112054,
            12112055,
            12112056,
            12112057,
            12112058,
            12112059,
            12112060,
            12112061,
            12112062,
            12112063,
            12112064
        ],
        "b": [
            12012064,
            12012065,
            12012066,
            12012067,
            12012068,
            12012069,
            12012070,
            12012071,
            12012072,
            12012073,
            12012074,
            12012075,
            12012076,
            12012077,
            12012078,
            12012079,
            12012080,
            12012081,
            12012082,
            12012083,
            12012084
        ],
        "class_name": null
    }
]